
172384821, 24
187207615, 26
188014676, 29
240801741, 51
239996473, 50
241684148, 67
270150563, 27
278299925, 35
285562044, 42
297770236, 26
314235001, 33
314057881, 26
330873730, 31
377167742, 42
379117339, 63
379472809, 63
409660223, 30
418852979, 37
419694946, 37
441697230, 30
449631340, 28
457112724, 35
545219339, 90
544101327, 100
547316679, 86
574474273, 26
575604167, 27
587747402, 32
604543958, 24
619663962, 31
623277149, 33
633940007, 27
732519727, 95
733167764, 108
731873811, 109
761894578, 27
770381333, 35
775336387, 42
801226617, 36
803017485, 29
829105217, 24
832678712, 54
864768001, 59
864655130, 34
865725689, 30
890185442, 22
894341507, 27
904752493, 38
916691741, 24
929298671, 33
935115149, 28
951181324, 32
960356438, 29
1024641716, 87
1025199808, 62
1024571101, 70
1052367041, 24
1070325962, 40
1069162286, 41
1082940086, 25
1099167614, 26
1104808001, 33
1115565681, 30
1139299783, 38
1151628293, 44
1153007747, 34
1171803768, 31
1187193327, 31
1191607301, 37
1206392098, 28
1217695912, 28
1223753562, 29
1278051050, 61
1276628459, 50
1278185229, 57
1308667682, 28
1329259118, 48
1329907979, 51
1343261558, 33
1354670593, 23
1357865872, 26
1374679122, 29
1423787415, 46
1423712002, 66
1422613464, 62
1452941415, 27
1469119930, 42
1467955320, 40
1482791450, 28
1496738518, 27
1504260265, 33
1513862181, 29
1589715448, 82
1590051216, 74
1589540727, 89
1617814663, 24
1616684520, 24
1618176705, 24
1645727990, 25
1652578486, 34
1659313052, 38
1671547822, 23
1681139481, 25
1698990889, 38
1756085733, 83
1754751616, 71
1757171056, 55
1776988374, 20
1795166976, 35
1796977694, 36
1809344330, 31
1822784485, 23
1826426761, 28
1842003464, 30
1855780907, 30
1914192704, 86
1914626790, 56
1913729158, 68
1950234465, 33
1957985573, 41
1959642990, 42
1987379570, 25
1987101591, 35
1986502374, 27
2047684754, 58
2050037993, 60
2049885586, 60
2075760379, 24
2091162739, 40
2092819305, 40
2106204616, 26
2119663016, 27
2127940864, 30
2138102352, 28
2185423091, 55
2184193105, 62
2186197569, 43
2210528015, 24
2218134907, 29
2217909407, 29
2249292177, 36
2251595869, 30
2260952896, 39
2286983387, 34
2362896562, 99
2362496962, 110
2364659141, 75
2392389090, 27
2394891445, 30
2401639512, 35
2422632601, 26
2427613102, 32
2433646530, 30
2453605255, 28
2457304207, 27
2546692316, 107
2545263753, 86
2547210716, 90
2577376200, 28
2584267407, 36
2591957844, 42
2609552629, 30
2620353627, 33
2624938239, 31
2639884652, 27
2703800588, 81
2705481300, 63
2705504751, 78
2739399847, 31
2742075914, 35
2748718764, 42
2766879947, 25
2775229921, 31
2781668383, 31
2794902118, 26
2805076394, 28
2837700263, 34
2840559914, 57
2850217808, 42
2874516983, 35
2881791661, 27
2896943790, 21
2900771082, 48
2908155796, 22
2921443274, 22
2932850713, 30
2971706335, 36
2973343924, 58
2973127230, 47
2999893930, 26
3008824708, 34
3015366436, 36
3025723583, 24
3039537693, 28
3051361941, 33
3059651641, 32
3067463916, 25
3104766000, 51
3105470838, 35
3106255843, 43
3136374394, 28
3150171433, 43
3148875473, 37
3174525857, 36
3183146483, 31
3182481290, 31
3204604108, 27
3238128252, 52
3237287663, 52
3239024197, 31
3279059080, 39
3277766913, 38
3279451426, 38
3307530394, 27
3318043096, 36
3317193746, 36
3335275063, 25
3369775821, 32
3372452507, 51
3372265271, 51
3402348041, 27
3408341991, 35
3414465640, 34
3442272523, 34
3448357174, 33
3450997221, 34
3538290394, 94
3537406642, 86
3538953647, 85
3571408489, 29
3574362328, 33
3575606486, 34
3606570352, 32
3606548346, 29
3607891027, 30
3636987408, 28
3680226038, 40
3678929679, 69
3680745213, 70
3711232337, 29
3717908486, 34
3728589480, 43
3750062478, 34
3757786356, 26
3758621109, 38
3820232731, 60
3820595903, 60
3819955899, 68
3853962629, 31
3866029602, 44
3871788037, 43
3892281271, 24
3893584775, 30
3961960615, 63
3961412639, 87
3963258022, 68
3994627507, 31
4007072244, 42
4010284925, 45
4023906396, 27
4035329588, 26
4044890283, 32
4056040477, 30
4104974777, 46
4103852997, 65
4106839674, 57
4138280312, 30
4157025717, 49
4157579732, 47
4169676677, 29
4184837539, 25
4191805721, 30
4218170086, 46
4232285381, 45
4231967296, 38
4247499950, 27
4263783322, 29
4273809586, 40
4283340628, 32
4301099914, 35
4307493999, 31
4317837061, 32
4362714675, 59
4363223124, 52
4362328914, 42
4395484510, 29
4396992878, 32
4415358329, 50
4423416418, 25
4430316457, 30
4448328242, 31
4455063915, 30
4537554164, 87
4536129599, 103
4537555157, 80
4567640445, 26
4581840506, 42
4582343830, 42
4610387990, 41
4612037436, 28
4625198252, 41
4669361396, 56
4671094630, 40
4671694630, 57
4699038923, 27
4706722366, 32
4706960187, 33
4724138127, 23
4733303731, 25
4739485633, 30
4757261700, 31
4765878737, 31
4810530198, 50
4811752310, 70
4812890975, 44
4844073670, 28
4848200114, 32
4854863836, 41
4877557188, 28
4882492895, 31
4888462263, 31
4908390313, 29
4950942525, 60
4952623728, 68
4954756759, 43
4978304747, 24
4984410537, 27
5004776605, 24
5025339655, 50
5027696043, 26
5044601436, 38
5094198827, 46
5095523311, 65
5096417953, 67
5130224391, 33
5139758427, 42
5140811765, 41
5162212322, 29
5173266691, 30
5181192417, 39
5244608470, 80
5254362096, 71
5254748058, 79
5274450505, 26
5287548059, 31
5290259887, 34
5303250937, 26
5316579010, 27
5322889447, 31
5329249953, 22
5377346216, 52
5378333419, 59
5378120946, 46
5404728670, 24
5414162133, 35
5421212540, 40
5433966507, 27
5444831381, 28
5450603465, 27
5471519346, 24
5481016210, 35
5544207769, 90
5545976475, 72
5546737351, 60
5575486939, 27
5591607757, 42
5593314773, 42
5600820348, 23
5621678856, 27
5640298325, 43
5643426188, 38
5676775645, 32
5676467328, 52
5689690539, 42
5702764845, 23
5710779884, 32
5719593741, 27
5731833157, 26
5738633506, 26
5755944140, 31
5764057411, 30
5772588524, 31
5845657756, 78
5844397299, 85
5846399774, 70
5872100450, 24
5899231935, 50
5899856155, 50
5914080334, 40
5984618959, 83
5984633527, 69
5986292642, 85
6009433553, 19
6023632558, 35
6025057038, 38
6048949437, 31
6056983769, 30
6073280128, 22
6073607341, 35
6143480417, 67
6142112329, 83
6143865710, 68
6176270552, 26
6188910529, 44
6190796287, 44
6211178627, 31
6223032040, 30
6221915291, 31
6295009997, 80
6294010845, 69
6295409192, 68
6325724536, 27
6340082274, 42
6339780799, 42
6358535079, 30
6373500816, 31
6390823703, 30
6392941794, 50
6468920839, 93
6469327961, 74
6468227773, 75
6500834476, 29
6507216109, 33
6513425456, 42
6537437745, 34
6546744797, 31
6548695261, 39
6619871639, 79
6619224478, 69
6621043632, 69
6652369219, 30
6685805490, 31
6687343409, 63
6687630430, 64
6713648128, 26
6810407507, 120
6810481342, 119
6810608981, 92
6842806061, 29
6847031701, 33
6849774285, 36
6867592417, 23
6879750921, 29
6883681719, 30
6892471201, 22
6951959334, 56
6953407570, 64
6953055730, 69
6985681501, 30
6989808153, 33
6989044008, 28
7013170210, 25
7029350244, 38
7036771159, 42
7052786783, 33
7091847299, 37
7107806838, 66
7111366292, 52
7125588850, 19
7147037986, 29
7147562529, 31
7172462962, 40
7179271621, 30
7182510437, 26
7225666110, 44
7224520481, 39
7226087057, 50
7254604115, 28
7256172805, 28
7266359207, 37
7286682447, 30
7289948293, 31
7298922296, 31
7325247934, 35
7383847450, 90
7384033588, 83
7383428074, 56
7412777495, 26
7421788067, 36
7423086645, 37
7443587179, 29
7456701916, 32
7462304507, 37
7472124885, 26
7481904981, 23
7526747208, 42
7526196523, 60
7528427306, 53
7558478419, 29
7562084400, 33
7575099436, 44
7589447108, 29
7594945254, 31
7605877136, 29
7619548159, 28
7675489741, 67
7674390932, 77
7676972248, 54
7710973731, 32
7713731349, 34
7713856350, 36
7743260259, 29
7755636768, 39
7754533493, 38
7849462881, 92
7850650140, 92
7852502948, 106
7883154508, 28
7888071246, 34
7889141037, 34
7911935434, 26
7920152687, 29
7929117863, 38
7939728559, 24
7992594727, 50
7992173981, 69
7993481933, 61
8027864957, 32
8050177715, 55
8052504517, 22
8054015674, 57
8087358179, 31
8087792106, 33
8091451837, 39
8122976444, 32
8135412123, 45
8144911401, 51
8163987164, 27
8166686968, 41
8183361921, 30
8194636333, 29
8199814595, 21
8265179038, 79
8267896362, 69
8268726624, 66
8303572101, 31
8313116749, 44
8320741929, 50
8329621363, 24
8344201887, 29
8350705024, 28
8354326015, 23
8406130662, 60
8407627421, 51
8407429641, 54
8441484467, 33
8446214475, 37
8449737074, 40
8479834536, 31
8486673341, 42
8488176359, 36
8541663451, 59
8540358712, 51
8542172357, 51
8572114258, 28
8586490166, 44
8589775799, 43
8598006026, 24
8627033965, 34
8645780359, 29
8646175337, 57
8666252308, 37
8679516567, 31
8681355246, 32
8709191193, 41
8720376942, 39
8728441654, 44
8737117750, 26
8745697116, 23
8761390873, 30
8841921718, 102
8842306813, 93
8840963379, 77
8867122857, 22
8887145203, 42
8885692387, 42
8905565038, 37
8912295664, 24
8920405732, 31
8938338290, 23
8991426896, 82
8993487672, 70
8995383069, 50
9019471299, 24
9029320949, 32
9035566943, 36
9045263366, 23
9055078010, 24
9062502198, 25
9074582725, 28
9085348202, 27
9140931538, 75
9142860065, 65
9144056540, 56
9180592114, 38
9188554982, 42
9189274222, 41
9207871148, 24
9222779484, 30
9223348604, 32
9290610561, 65
9291501847, 63
9290393761, 69
9320891157, 28
9329551760, 36
9335254352, 42
9367738640, 35
9368677452, 44
9368313722, 30
9405984491, 36
9419101232, 48
9423303280, 52
9435044038, 27
9452804653, 31
9461093643, 35
9475899624, 38
9478619584, 24
9491724470, 29
9508561240, 30
9558445826, 75
9559762465, 63
9560791730, 48
9586206925, 25
9596207066, 33
9603397173, 41
9625499864, 36
9629615786, 31
9641815565, 36
9690029586, 59
9689168533, 60
9690334140, 46
9721029974, 29
9727740465, 35
9734520841, 43
9759265149, 32
9761932970, 32
9768501401, 32
9783397260, 22
9863381960, 92
9865575559, 80
9865618644, 101
9897019619, 27
9909976117, 43
9911668109, 43
9927452976, 28
9940804161, 29
9944467910, 31
9955145081, 25
9980317521, 33
10017128371, 30
10022591020, 62
10022467149, 76
10046782970, 27
10050573418, 26
10060693084, 36
10076466248, 26
10123303496, 60
10123640048, 43
10122173799, 69
10153490180, 27
10176220941, 48
10179895848, 38
10198754043, 33
10210605779, 19
10216655067, 33
10260899001, 44
10268736356, 53
10269197968, 48
10300249915, 29
10320173697, 48
10322731385, 52
10331500519, 29
10389079086, 54
10389944475, 66
10389996622, 62
10424705189, 33
10434589835, 42
10436657289, 43
10459485688, 32
10475338670, 37
10486848997, 47
10540657286, 78
10542114569, 64
10540726946, 51
10574561039, 30
10586349433, 39
10585819550, 41
10601702342, 25
10617231158, 29
10625959829, 34
10637382891, 32
10679598435, 51
10682047896, 41
10683364730, 64
10717162277, 32
10716710019, 34
10719502980, 34
10752458293, 33
10752686556, 31
10760208748, 41
10778237788, 24
11040720857, 259
11039547033, 277
11041254468, 284
11069771028, 25
11085283436, 42
11084448563, 43
11098038417, 25
11115565083, 26
11118936685, 32
11133536058, 33
11180184015, 61
11182932863, 61
11183732660, 46
11217943962, 31
11220468262, 34
11225435010, 42
11252956622, 31
11253137183, 32
11262480029, 35
11320702528, 65
11319904623, 55
11322009646, 66
11344854017, 22
11367657052, 45
11366528420, 20
11374523762, 50
11391310905, 21
11403227593, 27
11409765970, 41
11462260361, 69
11461619570, 49
11464784897, 58
11495075859, 28
11502690458, 39
11503907692, 40
11521642781, 24
11557813708, 53
11560454246, 36
11561066113, 54
11596053763, 36
11610046679, 46
11610646254, 48
11628076597, 29
11646547791, 34
11654430411, 36
11658445135, 29
11678226651, 29
11688703697, 29
11738047462, 47
11738135417, 58
11737499055, 76
11763320500, 23
11769978108, 30
11787753723, 48
11792273716, 27
11803458457, 31
11817535146, 27
11827708156, 31
11880909652, 74
11880928453, 49
11880309110, 59
11915437907, 31
11917512896, 33
11924798145, 41
11942028364, 24
11951206901, 32
11958106143, 31
11973563365, 29
11983939325, 30
12061694362, 101
12063091322, 85
12063715601, 74
12096415880, 30
12109477268, 43
12108529811, 44
12126090743, 27
12139106192, 27
12144251325, 33
12156426773, 27
12177515774, 37
12225228310, 79
12226698356, 66
12227204847, 47
12257272284, 29
12265643727, 33
12272406787, 42
12307535435, 42
12322735427, 47
12332107136, 65
12339757623, 23
12366913725, 33
12372462770, 46
12385891963, 39
12391896320, 23
12427726880, 45
12443316545, 49
12444866909, 57
12455722026, 25
12477006998, 28
12482776440, 36
12492088060, 34
12507933809, 29
12515908366, 31
12525517088, 31
12570942284, 60
12571898166, 36
12570807284, 51
12601549158, 28
12607689514, 35
12608967958, 35
12632894433, 23
12641965205, 38
12641912366, 31
12659433120, 25
12704352458, 60
12704066255, 60
12702941446, 41
12730196686, 24
12733776241, 27
12733392958, 28
12759652883, 27
12765728549, 29
12776356260, 40
12862055738, 100
12862350367, 84
12861478442, 93
12894474278, 29
12908395745, 44
12906946246, 43
12921086295, 24
12938103786, 29
12946190759, 36
12953479598, 28
12975881855, 36
12994083626, 46
12993945983, 38
13001267398, 23
13019237065, 23
13026960096, 31
13032305528, 29
13047684725, 25
13056792688, 28
13065227501, 30
13075600660, 25
13152178208, 85
13154061127, 76
13154380262, 95
13184909399, 29
13199839722, 43
13208759743, 52
13216328875, 28
13229337023, 27
13236275708, 25
13252715287, 34
13327590385, 71
13329564592, 91
13329384282, 97
13352496684, 23
13357588512, 25
13367986216, 37
13376409864, 21
13385449457, 26
13399964065, 30
13415455206, 36
13423556898, 36
13426792564, 24
13500833304, 83
13502247125, 76
13502961269, 68
13523849049, 19
13532354787, 27
13545109726, 40
13554335714, 28
13566007719, 32
13577356856, 30
13585063790, 28
13601047189, 31
13650909603, 64
13652367283, 73
13652590894, 49
13683035248, 30
13691274046, 36
13703021746, 49
13717562633, 24
13724091905, 39
13735616681, 29
13749179222, 29
13795856539, 44
13796665949, 57
13795459279, 69
13826905202, 28
13831299187, 33
13832724411, 34
13857542563, 27
13864384969, 31
13866104008, 30
13890649176, 31
13936383991, 42
13935257909, 69
13936664580, 68
13959616018, 22
13965317614, 25
13991391413, 51
13991575615, 28
13998832133, 31
14019291059, 26
14024201522, 30
14033469625, 31
14119258486, 98
14118084979, 92
14119289876, 83
14150122309, 29
14149162250, 29
14155908678, 34
14176840936, 24
14182799989, 25
14182177750, 31
14203845851, 24
14218546711, 35
14268681724, 48
14274097884, 88
14276809177, 68
14293803865, 23
14304634531, 26
14315357472, 39
14324537810, 29
14336743166, 29
14344168968, 27
14353659794, 27
14365138844, 26
14417811792, 72
14417245293, 61
14419608279, 52
14455180122, 35
14458061071, 28
14467632939, 46
14489908838, 31
14502131673, 42
14507524928, 35
14541960954, 49
14556673444, 47
14566277922, 60
14573247185, 23
14583447763, 24
14595617921, 26
14617843766, 30
14623340987, 33
14631780700, 34
14683248272, 63
14684480663, 58
14685348714, 51
14718954265, 32
14723197068, 36
14728763386, 43
14773238435, 42
14774409985, 54
14774842840, 50
14811151197, 35
14822446147, 48
14838690013, 25
14841732604, 49
14860878557, 32
14870354078, 29
14886132063, 23
14897633341, 49
14952616661, 65
14952469529, 63
14955552741, 54
14990698004, 34
14998073872, 40
14997277514, 41
15022393573, 28
15029839316, 28
15032810908, 31
15118758120, 82
15117693353, 85
15119539695, 94
15140611425, 19
15148038663, 27
15157458224, 35
15166538751, 23
15174391165, 24
15182267494, 23
15194894449, 26
15205740487, 29
15216396900, 32
15258663685, 61
15259930885, 44
15260980896, 42
15291438603, 28
15296315986, 35
15297724404, 36
15319580462, 26
15327107336, 27
15333081629, 32
15346311443, 25
15356823947, 26
15425628773, 66
15424972666, 88
15426523279, 78
15459996801, 31
15465298432, 37
15471030530, 44
15485852698, 23
15497352135, 24
15503811586, 31
15516925296, 28
15583806177, 64
15583181898, 76
15584461035, 84
15622724302, 36
15623415232, 36
15633239020, 48
15651040799, 26
15655726087, 31
15662729047, 28
15682168088, 28
15734214353, 68
15735546187, 51
15736827970, 77
15770516759, 30
15779385572, 42
15781257973, 42
15801229320, 29
15811838205, 29
15820929474, 39
15874056754, 51
15875572753, 69
15875804542, 61
15907265927, 31
15914976083, 36
15917304751, 39
15933215354, 23
15943115964, 23
15950366519, 29
15972169548, 27
16024929343, 71
16024881206, 49
16023765048, 88
16050651677, 24
16066889449, 36
16068262563, 39
16098184031, 45
16114340555, 43
16114030833, 44
16209464173, 93
16208073620, 106
16209935775, 94
16244817750, 33
16246488097, 36
16248235015, 36
16271981860, 24
16282340956, 30
16287704917, 38
16309848097, 34
16351058509, 38
16349940104, 59
16352190011, 66
16377466736, 23
16391149522, 34
16390997593, 35
16423122164, 44
16428249879, 34
16437942165, 40
16500317065, 75
16500192864, 60
16499657125, 70
16528221139, 25
16540403644, 37
16547313123, 45
16566350682, 36
16566806754, 25
16577729736, 25
16601315098, 25
16639946220, 60
16654606799, 86
16655211639, 51
16663115372, 21
16685485515, 28
16697008914, 39
16696739844, 31
16716798254, 29
16728027979, 29
16738108306, 39
16813999589, 74
16815555834, 96
16815451171, 85
16841607963, 24
16857185852, 39
16861373810, 46
16871561409, 28
16882072872, 23
16890920066, 28
16902180009, 29
16957572748, 53
16956361396, 63
16957644761, 73
16988616439, 30
16995947293, 36
17004124466, 44
17014113218, 23
17033814723, 36
17035085170, 28
17040126982, 24
17101630240, 64
17100526919, 58
17102295306, 64
17134899604, 30
17146352847, 41
17153016156, 49
17162807421, 26
17177412065, 29
17192107578, 34
17198843473, 33
17264052212, 70
17265723431, 86
17265452065, 64
17295852814, 28
17295945692, 28
17299227590, 33
17324228533, 25
17329638066, 32
17337825396, 36
17350207687, 24
17415673680, 83
17416031563, 63
17414801393, 74
17446638019, 26
17453769802, 35
17455182092, 37
17481046317, 25
17481651752, 33
17494139371, 35
17511639870, 26
17513103282, 23
17557480157, 42
17558340738, 44
17557587774, 61
17586801495, 27
17595394402, 34
17596510692, 36
17614594949, 26
17628421006, 30
17639540518, 40
17663675149, 43
17700637520, 68
17701294129, 59
17702837239, 30
17732796391, 26
17741027111, 32
17745958197, 39
17767518651, 26
17797017137, 26
17797788343, 54
17796542941, 49
17832220759, 32
17844918608, 46
17850378250, 51
17862672627, 28
17879146327, 31
17891342696, 35
17895457357, 31
17908988103, 28
17928180758, 34
17929325707, 32
17987916562, 75
17989720664, 60
17997106386, 58
18012165939, 22
18029286383, 37
18030680780, 30
18043172364, 27
18061685816, 31
18062212505, 29
18074057489, 29
18156620801, 80
18158692401, 93
18159027135, 94
18188873935, 29
18197910662, 36
18204988889, 43
18226035256, 35
18227961898, 28
18232106737, 25
18256118298, 27
18331334055, 101
18331057417, 97
18331052650, 73
18368722740, 34
18370733001, 37
18370015319, 36
18398633834, 26
18404571169, 34
18410464233, 38
18428753486, 27
18483340735, 75
18484686230, 51
18485239832, 70
18517089977, 28
18523559772, 35
18527601892, 35
18546936113, 28
18559363757, 29
18569592519, 43
18621924985, 59
18623492063, 51
18624184029, 71
18660649034, 35
18663248909, 36
18676910903, 52
18696023447, 33
18706266683, 38
18724421266, 33
18727606121, 29
18780719927, 72
18780637771, 43
18780676150, 53
18823099672, 39
18822641907, 39
18824292730, 40
18858850417, 33
18861814788, 37
18869076268, 43
18921902498, 51
18922892233, 59
18921997567, 61
18956185070, 30
18963957775, 39
18969317402, 45
18984443327, 26
18997660921, 32
19009318740, 37
19019580652, 32
19063130559, 63
19064714716, 53
19065420856, 43
19093413365, 26
19102311624, 35
19101211178, 36
19121038364, 26
19130036455, 26
19161692165, 56
19162584005, 39
19161958023, 30
19255187581, 89
19256759507, 91
19256526060, 90
19287094894, 28
19295577216, 36
19295424769, 38
19312011156, 23
19325687476, 28
19335551473, 37
19344132088, 30
19396453228, 58
19395397833, 67
19397684345, 50
19423744628, 25
19426940716, 29
19438413553, 38
19451261617, 25
19463404354, 33
19470526422, 30
19554042500, 100
19554943547, 82
19553659440, 88
19582353309, 25
19584687491, 29
19598264982, 42
19611021392, 27
19618588313, 31
19638600085, 35
19641550179, 28
19649734926, 29
19686165662, 44
19702736628, 51
19703354039, 59
19716061258, 27
19734197392, 25
19735494831, 30
19750538859, 33
19766845133, 28
19776623289, 40
19788694383, 36
19837153081, 58
19836498541, 46
19841174500, 69
19861707522, 23
19867632045, 28
19890518245, 26
19892869969, 48
19901459903, 28
19925137134, 32
19926377868, 23
19926743693, 31
19969797872, 42
19985462844, 57
19987937666, 59
