
0, 1489964268316531970
0, 1489964268376447635
0, 1489964268407198549
0, 1489964268407894544
0, 1489964268443177657
0, 1489964268447450905
0, 1489964268515073271
0, 1489964268516139141
0, 1489964268517296293
0, 1489964268519382639
0, 1489964268520364476
0, 1489964268521239525
0, 1489964268549465302
0, 1489964268551649793
0, 1489964268559792013
0, 1489964268561719499
0, 1489964268568534649
0, 1489964268570584064
0, 1489964268588653858
0, 1489964268591968599
0, 1489964268601896727
0, 1489964268602938911
0, 1489964268676475459
0, 1489964268676824196
0, 1489964268677162418
0, 1489964268676657853
0, 1489964268678031872
0, 1489964268686529220
0, 1489964268706924552
0, 1489964268726264701
0, 1489964268727098440
0, 1489964268727939336
0, 1489964268741661765
0, 1489964268747457896
0, 1489964268751421424
0, 1489964268760104203
0, 1489964268865528811
0, 1489964268866634147
0, 1489964268866876619
0, 1489964268867026178
0, 1489964268866608965
0, 1489964268865977514
0, 1489964268899514727
0, 1489964268899587173
0, 1489964268908435694
0, 1489964268909921807
0, 1489964268913404957
0, 1489964268925267296
0, 1489964268928231320
0, 1489964268937216434
0, 1489964268941095671
0, 1489964268952248919
0, 1489964268960731782
0, 1489964268965463968
0, 1489964268998442490
0, 1489964268998634599
0, 1489964269000461355
0, 1489964268999784849
0, 1489964269001013751
0, 1489964269001837415
0, 1489964269032638581
0, 1489964269033463400
0, 1489964269041026778
0, 1489964269041794478
0, 1489964269041903294
0, 1489964269053712281
0, 1489964269067305622
0, 1489964269075691002
0, 1489964269076418349
0, 1489964269089613585
0, 1489964269091834625
0, 1489964269156561344
0, 1489964269157087099
0, 1489964269158222063
0, 1489964269160234951
0, 1489964269159895964
0, 1489964269163170353
0, 1489964269199674311
0, 1489964269200617330
0, 1489964269208895435
0, 1489964269211118355
0, 1489964269214293815
0, 1489964269221970746
0, 1489964269235346948
0, 1489964269236282591
0, 1489964269261541144
0, 1489964269423138124
0, 1489964269423293548
0, 1489964269423498629
0, 1489964269424071867
0, 1489964269427238051
0, 1489964269428000624
0, 1489964269455688677
0, 1489964269465397211
0, 1489964269466435379
0, 1489964269467132585
0, 1489964269475947403
0, 1489964269478093619
0, 1489964269495951259
0, 1489964269499679252
0, 1489964269508124500
0, 1489964269509655457
0, 1489964269515783906
0, 1489964269516200526
0, 1489964269606161245
0, 1489964269607772962
0, 1489964269608136522
0, 1489964269608830417
0, 1489964269609039078
0, 1489964269612049025
0, 1489964269637920878
0, 1489964269649350264
0, 1489964269649896251
0, 1489964269650901321
0, 1489964269661268430
0, 1489964269670304126
0, 1489964269677375069
0, 1489964269683987761
0, 1489964269696324933
0, 1489964269703920581
0, 1489964269739142017
0, 1489964269739704667
0, 1489964269740718397
0, 1489964269741891294
0, 1489964269742499069
0, 1489964269744301279
0, 1489964269767112872
0, 1489964269775429351
0, 1489964269776374411
0, 1489964269791923853
0, 1489964269793624709
0, 1489964269799163284
0, 1489964269801607192
0, 1489964269810446233
0, 1489964269822640063
0, 1489964269826348482
0, 1489964269836724034
0, 1489964269914980027
0, 1489964269915698454
0, 1489964269917932348
0, 1489964269920312435
0, 1489964269920588561
0, 1489964269925456234
0, 1489964269947591303
0, 1489964269962539113
0, 1489964269963267473
0, 1489964269968547912
0, 1489964269969755200
0, 1489964269981457408
0, 1489964269998013966
0, 1489964270005910939
0, 1489964270037693758
0, 1489964270037712811
0, 1489964270060256629
0, 1489964270060934097
0, 1489964270061853636
0, 1489964270066408169
0, 1489964270077713477
0, 1489964270085365899
0, 1489964270100360463
0, 1489964270101353072
0, 1489964270107271341
0, 1489964270107870071
0, 1489964270120791207
0, 1489964270129549721
0, 1489964270142244212
0, 1489964270223246573
0, 1489964270224086102
0, 1489964270223603603
0, 1489964270225123962
0, 1489964270225400907
0, 1489964270231486507
0, 1489964270258532528
0, 1489964270267830764
0, 1489964270267352389
0, 1489964270282181498
0, 1489964270282843628
0, 1489964270291709119
0, 1489964270296534851
0, 1489964270302904070
0, 1489964270308142581
0, 1489964270316047831
0, 1489964270320970940
0, 1489964270347038057
0, 1489964270366606435
0, 1489964270367540203
0, 1489964270366318423
0, 1489964270368796761
0, 1489964270369125220
0, 1489964270398032038
0, 1489964270409694860
0, 1489964270413225072
0, 1489964270413738404
0, 1489964270415535319
0, 1489964270423273475
0, 1489964270425483068
0, 1489964270539423522
0, 1489964270540546993
0, 1489964270540562773
0, 1489964270540640320
0, 1489964270542369730
0, 1489964270541341545
0, 1489964270576985339
0, 1489964270580531816
0, 1489964270581353311
0, 1489964270584332523
0, 1489964270590741001
0, 1489964270597610370
0, 1489964270610783635
0, 1489964270617070824
0, 1489964270628618991
0, 1489964270636254902
0, 1489964270671245323
0, 1489964270672538313
0, 1489964270673279463
0, 1489964270673756355
0, 1489964270674129788
0, 1489964270673643153
0, 1489964270697319157
0, 1489964270708065379
0, 1489964270718022579
0, 1489964270718815624
0, 1489964270725898272
0, 1489964270728049927
0, 1489964270734167458
0, 1489964270743265210
0, 1489964270755130886
0, 1489964270763218508
0, 1489964270764546049
0, 1489964270766258211
0, 1489964270848767179
0, 1489964270849070360
0, 1489964270849133727
0, 1489964270849607359
0, 1489964270849327442
0, 1489964270848848017
0, 1489964270885563492
0, 1489964270905331141
0, 1489964270907717777
0, 1489964270906436688
0, 1489964270909410003
0, 1489964270909492938
0, 1489964270913911407
0, 1489964270944037458
0, 1489964270979354876
0, 1489964270981225032
0, 1489964270982250087
0, 1489964270983270584
0, 1489964270984266873
0, 1489964270984300694
0, 1489964271011362968
0, 1489964271015074520
0, 1489964271016222159
0, 1489964271024050966
0, 1489964271028266350
0, 1489964271039063316
0, 1489964271048461869
0, 1489964271064278878
0, 1489964271065760418
0, 1489964271073664773
0, 1489964271077401136
0, 1489964271103572975
0, 1489964271103678301
0, 1489964271104458671
0, 1489964271128888369
0, 1489964271129100459
0, 1489964271131246865
0, 1489964271133120097
0, 1489964271141829431
0, 1489964271145078391
0, 1489964271165955145
0, 1489964271175059990
0, 1489964271175390769
0, 1489964271176286390
0, 1489964271193133959
0, 1489964271195023835
0, 1489964271204358719
0, 1489964271238502811
0, 1489964271239362871
0, 1489964271239554890
0, 1489964271244606275
0, 1489964271251308842
0, 1489964271258574326
0, 1489964271284633557
0, 1489964271289617687
0, 1489964271315668906
0, 1489964271316433828
0, 1489964271331116490
0, 1489964271333103363
0, 1489964271338297419
0, 1489964271340999471
0, 1489964271368189469
0, 1489964271386219141
0, 1489964271389542247
0, 1489964271391651903
0, 1489964271400792696
0, 1489964271401453198
0, 1489964271404261012
0, 1489964271421072959
0, 1489964271425390350
0, 1489964271424903966
0, 1489964271439101758
0, 1489964271448406537
0, 1489964271448952580
0, 1489964271463569208
0, 1489964271529113639
0, 1489964271529456778
0, 1489964271531209785
0, 1489964271532676506
0, 1489964271532947885
0, 1489964271536111760
0, 1489964271564890641
0, 1489964271567922316
0, 1489964271572458924
0, 1489964271580024019
0, 1489964271583445908
0, 1489964271588914695
0, 1489964271605696853
0, 1489964271611565770
0, 1489964271616244535
0, 1489964271622516927
0, 1489964271632209648
0, 1489964271653412748
0, 1489964271654055029
0, 1489964271673061747
0, 1489964271673686759
0, 1489964271674449015
0, 1489964271679138086
0, 1489964271683212959
0, 1489964271691519593
0, 1489964271703787808
0, 1489964271721153768
0, 1489964271723017340
0, 1489964271723727775
0, 1489964271730829497
0, 1489964271733118357
0, 1489964271815155955
0, 1489964271815866659
0, 1489964271816223005
0, 1489964271816617881
0, 1489964271817524827
0, 1489964271817762002
0, 1489964271848438022
0, 1489964271855817360
0, 1489964271856303886
0, 1489964271857041884
0, 1489964271864925909
0, 1489964271870214070
0, 1489964271887843310
0, 1489964271889591398
0, 1489964271889850625
0, 1489964271906143751
0, 1489964271905490689
0, 1489964271918295225
0, 1489964271936970562
0, 1489964271956756290
0, 1489964271956944808
0, 1489964271956168345
0, 1489964271958928826
0, 1489964271964494382
0, 1489964271974042442
0, 1489964271992131561
0, 1489964272002464222
0, 1489964272006299329
0, 1489964272014456976
0, 1489964272015150026
0, 1489964272016427664
0, 1489964272020872900
0, 1489964272103022891
0, 1489964272105215904
0, 1489964272105888772
0, 1489964272104768727
0, 1489964272105989109
0, 1489964272105374952
0, 1489964272139372606
0, 1489964272142245684
0, 1489964272147403931
0, 1489964272148045257
0, 1489964272155564380
0, 1489964272169499220
0, 1489964272173181626
0, 1489964272179909703
0, 1489964272181414305
0, 1489964272182863404
0, 1489964272201347433
0, 1489964272245614629
0, 1489964272250952567
0, 1489964272252294003
0, 1489964272254897364
0, 1489964272258554291
0, 1489964272267511257
0, 1489964272282117717
0, 1489964272291620003
0, 1489964272295529809
0, 1489964272305191143
0, 1489964272312679305
0, 1489964272331343997
0, 1489964272336961130
0, 1489964272337530111
0, 1489964272353273062
0, 1489964272386644839
0, 1489964272387735556
0, 1489964272388135885
0, 1489964272389550989
0, 1489964272408111867
0, 1489964272410494194
0, 1489964272420071889
0, 1489964272429912703
0, 1489964272432719149
0, 1489964272436647045
0, 1489964272444514723
0, 1489964272450036546
0, 1489964272459992677
0, 1489964272471170333
0, 1489964272480111633
0, 1489964272519855515
0, 1489964272520560918
0, 1489964272520970249
0, 1489964272521477590
0, 1489964272546967085
0, 1489964272548246727
0, 1489964272557291871
0, 1489964272560206781
0, 1489964272571514933
0, 1489964272571791471
0, 1489964272577660172
0, 1489964272703913040
0, 1489964272704335280
0, 1489964272705241085
0, 1489964272706039630
0, 1489964272707020778
0, 1489964272707126364
0, 1489964272737896375
0, 1489964272747453390
0, 1489964272747703456
0, 1489964272748037286
0, 1489964272757613685
0, 1489964272760919374
0, 1489964272784917655
0, 1489964272786845002
0, 1489964272786992332
0, 1489964272802809955
0, 1489964272804731933
0, 1489964272869418163
0, 1489964272870000399
0, 1489964272870843069
0, 1489964272871864460
0, 1489964272873845872
0, 1489964272875770948
0, 1489964272901714170
0, 1489964272912359161
0, 1489964272914870006
0, 1489964272915481544
0, 1489964272928906805
0, 1489964272941584597
0, 1489964272942788456
0, 1489964272948457579
0, 1489964272954916231
0, 1489964272966103450
0, 1489964272969141941
0, 1489964273002110148
0, 1489964273002305647
0, 1489964273002992858
0, 1489964273003025959
0, 1489964273025599101
0, 1489964273024748749
0, 1489964273033728360
0, 1489964273046683226
0, 1489964273047942903
0, 1489964273050455482
0, 1489964273059687844
0, 1489964273077782762
0, 1489964273088207286
0, 1489964273089136639
0, 1489964273089726288
0, 1489964273093183945
0, 1489964273102240631
0, 1489964273135457394
0, 1489964273154961034
0, 1489964273156533736
0, 1489964273156876769
0, 1489964273157504344
0, 1489964273161789114
0, 1489964273188376393
0, 1489964273191095983
0, 1489964273198531765
0, 1489964273201539270
0, 1489964273207440576
0, 1489964273212664962
0, 1489964273287174961
0, 1489964273289891069
0, 1489964273291298639
0, 1489964273292495165
0, 1489964273290370007
0, 1489964273291433911
0, 1489964273319870761
0, 1489964273328422413
0, 1489964273337243982
0, 1489964273338028737
0, 1489964273351781862
0, 1489964273353358434
0, 1489964273362833123
0, 1489964273363164304
0, 1489964273391985127
0, 1489964273452149350
0, 1489964273453316419
0, 1489964273455189212
0, 1489964273456212061
0, 1489964273457481493
0, 1489964273483753043
0, 1489964273493082245
0, 1489964273504117851
0, 1489964273504880261
0, 1489964273512974955
0, 1489964273520629345
0, 1489964273528458147
0, 1489964273537553164
0, 1489964273552667044
0, 1489964273553886664
0, 1489964273554647244
0, 1489964273585437741
0, 1489964273585541329
0, 1489964273585985464
0, 1489964273587813550
0, 1489964273588262174
0, 1489964273608937105
0, 1489964273620567587
0, 1489964273629546545
0, 1489964273629906107
0, 1489964273630353863
0, 1489964273630990672
0, 1489964273642781244
0, 1489964273659347939
0, 1489964273667457891
0, 1489964273670036031
0, 1489964273679828212
0, 1489964273680909199
0, 1489964273683185292
0, 1489964273725846833
0, 1489964273753758379
0, 1489964273754418048
0, 1489964273756024537
0, 1489964273756633574
0, 1489964273755315219
0, 1489964273758791016
0, 1489964273789313924
0, 1489964273796715614
0, 1489964273803297204
0, 1489964273806266279
0, 1489964273814224189
0, 1489964273816040106
0, 1489964273829003628
0, 1489964273859709483
0, 1489964273861421208
0, 1489964273862186724
0, 1489964273862946867
0, 1489964273863705519
0, 1489964273871219477
0, 1489964273891651791
0, 1489964273903562028
0, 1489964273904668469
0, 1489964273904904775
0, 1489964273923074049
0, 1489964273923665357
0, 1489964273936427285
0, 1489964273937205053
0, 1489964273938303735
0, 1489964273950756406
0, 1489964273959227314
0, 1489964274028660068
0, 1489964274028785104
0, 1489964274029885343
0, 1489964274029971155
0, 1489964274030408537
0, 1489964274031593186
0, 1489964274060129524
0, 1489964274070480271
0, 1489964274069990583
0, 1489964274071499523
0, 1489964274084918957
0, 1489964274089925322
0, 1489964274093955062
0, 1489964274097636540
0, 1489964274113232598
0, 1489964274116560007
0, 1489964274183181159
0, 1489964274183691298
0, 1489964274184185069
0, 1489964274185487493
0, 1489964274186734903
0, 1489964274187536018
0, 1489964274213487900
0, 1489964274245130703
0, 1489964274245665276
0, 1489964274247129966
0, 1489964274248811904
0, 1489964274249557170
0, 1489964274254443061
0, 1489964274336670892
0, 1489964274339620266
0, 1489964274340170502
0, 1489964274340167908
0, 1489964274340680962
0, 1489964274344119374
0, 1489964274366663605
0, 1489964274388711803
0, 1489964274389946868
0, 1489964274410949220
0, 1489964274411501104
0, 1489964274412167792
0, 1489964274416330370
0, 1489964274420683296
0, 1489964274439545012
0, 1489964274477081323
0, 1489964274480239463
0, 1489964274484396761
0, 1489964274484980231
0, 1489964274486644883
0, 1489964274495925934
0, 1489964274521613249
0, 1489964274522694723
0, 1489964274528078875
0, 1489964274531020887
0, 1489964274538128758
0, 1489964274544434745
0, 1489964274560053467
0, 1489964274571217744
0, 1489964274571223846
0, 1489964274620238924
0, 1489964274622194776
0, 1489964274623876280
0, 1489964274623918957
0, 1489964274628123418
0, 1489964274627837414
0, 1489964274664456128
0, 1489964274669172021
0, 1489964274670701633
0, 1489964274679809728
0, 1489964274681367767
0, 1489964274689207374
0, 1489964274697396189
0, 1489964274794538883
0, 1489964274795443476
0, 1489964274795460742
0, 1489964274796443686
0, 1489964274796273375
0, 1489964274797818916
0, 1489964274820301851
0, 1489964274829148644
0, 1489964274828519003
0, 1489964274839774228
0, 1489964274845007613
0, 1489964274851949552
0, 1489964274861122233
0, 1489964274862165900
0, 1489964274873144759
0, 1489964274879490658
0, 1489964274889094388
0, 1489964274947680683
0, 1489964274949392307
0, 1489964274950884229
0, 1489964274951043408
0, 1489964274953834443
0, 1489964274961964370
0, 1489964274984834637
0, 1489964274986324376
0, 1489964274987312536
0, 1489964275000693065
0, 1489964275012443561
0, 1489964275013439756
0, 1489964275014717028
0, 1489964275021242719
0, 1489964275028095622
0, 1489964275043482067
0, 1489964275091417509
0, 1489964275092947593
0, 1489964275095587455
0, 1489964275095888660
0, 1489964275093489170
0, 1489964275094538879
0, 1489964275120485359
0, 1489964275126432237
0, 1489964275138080266
0, 1489964275138873041
0, 1489964275139492195
0, 1489964275144904561
0, 1489964275153809773
0, 1489964275162895892
0, 1489964275176109988
0, 1489964275186395902
0, 1489964275188402792
0, 1489964275193850633
0, 1489964275253532173
0, 1489964275255754169
0, 1489964275255621283
0, 1489964275258939053
0, 1489964275259906996
0, 1489964275258856295
0, 1489964275290103238
0, 1489964275294386104
0, 1489964275296556224
0, 1489964275304732618
0, 1489964275319891285
0, 1489964275321301416
0, 1489964275322363813
0, 1489964275328736905
0, 1489964275338548650
0, 1489964275351834512
0, 1489964275353671934
0, 1489964275356143893
0, 1489964275436251390
0, 1489964275436494435
0, 1489964275437369430
0, 1489964275437671763
0, 1489964275438363674
0, 1489964275441654940
0, 1489964275469722895
0, 1489964275470390496
0, 1489964275479581128
0, 1489964275485007368
0, 1489964275488358985
0, 1489964275491905454
0, 1489964275507513876
0, 1489964275521904347
0, 1489964275530574627
0, 1489964275543775897
0, 1489964275561816138
0, 1489964275571492008
0, 1489964275582553796
0, 1489964275580888669
0, 1489964275590595736
0, 1489964275591808427
0, 1489964275599209118
0, 1489964275619277816
0, 1489964275622561628
0, 1489964275627625790
0, 1489964275639490487
0, 1489964275649090560
0, 1489964275652616992
0, 1489964275726082459
0, 1489964275726650724
0, 1489964275728760253
0, 1489964275730842668
0, 1489964275731215903
0, 1489964275734091775
0, 1489964275763266087
0, 1489964275767615285
0, 1489964275778467157
0, 1489964275780057895
0, 1489964275780505374
0, 1489964275781978406
0, 1489964275801555735
0, 1489964275801052588
0, 1489964275819918867
0, 1489964275824204996
0, 1489964275868835628
0, 1489964275869119620
0, 1489964275869125009
0, 1489964275870920602
0, 1489964275872063761
0, 1489964275871472874
0, 1489964275900236258
0, 1489964275912903408
0, 1489964275913252288
0, 1489964275921347238
0, 1489964275924024036
0, 1489964275930582572
0, 1489964275933870935
0, 1489964275946167641
0, 1489964275959256042
0, 1489964275960288917
0, 1489964276017382871
0, 1489964276018989656
0, 1489964276019056458
0, 1489964276019929420
0, 1489964276020041634
0, 1489964276020687968
0, 1489964276051572896
0, 1489964276052463916
0, 1489964276063198235
0, 1489964276063232330
0, 1489964276063828391
0, 1489964276077544146
0, 1489964276081929265
0, 1489964276094206980
0, 1489964276100692343
0, 1489964276106959936
0, 1489964276200381688
0, 1489964276201028515
0, 1489964276201143137
0, 1489964276201377844
0, 1489964276201931737
0, 1489964276209285704
0, 1489964276238462265
0, 1489964276249045990
0, 1489964276252555947
0, 1489964276267511760
0, 1489964276268902030
0, 1489964276292393909
0, 1489964276293520919
0, 1489964276294130525
0, 1489964276303132773
0, 1489964276327032602
0, 1489964276343010331
0, 1489964276344934823
0, 1489964276345137226
0, 1489964276345856450
0, 1489964276345115130
0, 1489964276362806914
0, 1489964276379612568
0, 1489964276390985573
0, 1489964276391015630
0, 1489964276393916300
0, 1489964276394861132
0, 1489964276402986355
0, 1489964276416737235
0, 1489964276457739702
0, 1489964276459604802
0, 1489964276459897706
0, 1489964276461348487
0, 1489964276461931499
0, 1489964276463435223
0, 1489964276493351948
0, 1489964276503071265
0, 1489964276503332482
0, 1489964276516900141
0, 1489964276523398401
0, 1489964276527937198
0, 1489964276549905413
0, 1489964276553549336
0, 1489964276555227579
0, 1489964276597028515
0, 1489964276597202548
0, 1489964276599297573
0, 1489964276604522754
0, 1489964276618785482
0, 1489964276619582717
0, 1489964276642925949
0, 1489964276646772949
0, 1489964276661125546
0, 1489964276663649149
0, 1489964276663918273
0, 1489964276669894702
0, 1489964276676814853
0, 1489964276683608271
0, 1489964276767131081
0, 1489964276767652584
0, 1489964276768183365
0, 1489964276772021108
0, 1489964276774142222
0, 1489964276771735602
0, 1489964276802433820
0, 1489964276808823836
0, 1489964276810498318
0, 1489964276818465137
0, 1489964276831179576
0, 1489964276832330390
0, 1489964276842067717
0, 1489964276844936240
0, 1489964276857743869
0, 1489964276865188625
0, 1489964276935555936
0, 1489964276936367757
0, 1489964276937377429
0, 1489964276937756068
0, 1489964276940034938
0, 1489964276949347889
0, 1489964276969611005
0, 1489964276976336175
0, 1489964276984091343
0, 1489964276985771092
0, 1489964277000174104
0, 1489964277001843684
0, 1489964277008363507
0, 1489964277009738074
0, 1489964277019470153
0, 1489964277085036947
0, 1489964277086162255
0, 1489964277087226642
0, 1489964277086490733
0, 1489964277088020660
0, 1489964277088993559
0, 1489964277117575306
0, 1489964277127053927
0, 1489964277127944076
0, 1489964277128775035
0, 1489964277159121393
0, 1489964277160585134
0, 1489964277161573786
0, 1489964277167145978
0, 1489964277178245976
0, 1489964277180138600
0, 1489964277224861269
0, 1489964277227760601
0, 1489964277225891579
0, 1489964277229803434
0, 1489964277231071742
0, 1489964277231092808
0, 1489964277255507602
0, 1489964277273449192
0, 1489964277283918755
0, 1489964277285919638
0, 1489964277286117031
0, 1489964277287361488
0, 1489964277300586764
0, 1489964277310300072
0, 1489964277319034178
0, 1489964277347584084
0, 1489964277347729460
0, 1489964277348056295
0, 1489964277348429305
0, 1489964277370055138
0, 1489964277369579079
0, 1489964277376053053
0, 1489964277378346411
0, 1489964277388175597
0, 1489964277390939986
0, 1489964277403985732
0, 1489964277418736942
0, 1489964277425553730
0, 1489964277427234232
0, 1489964277429563034
0, 1489964277442155151
0, 1489964277524959331
0, 1489964277526623436
0, 1489964277527101510
0, 1489964277527486733
0, 1489964277527833471
0, 1489964277528269476
0, 1489964277562546282
0, 1489964277575603362
0, 1489964277576645646
0, 1489964277577207386
0, 1489964277577450476
0, 1489964277594914728
0, 1489964277597376459
0, 1489964277605108882
0, 1489964277673556068
0, 1489964277674789708
0, 1489964277675563212
0, 1489964277676777725
0, 1489964277676316359
0, 1489964277691260288
0, 1489964277712177654
0, 1489964277718301574
0, 1489964277726886308
0, 1489964277743912504
0, 1489964277749498108
0, 1489964277751468763
0, 1489964277760210098
0, 1489964277768827540
0, 1489964277806472921
0, 1489964277808868126
0, 1489964277809218838
0, 1489964277809628494
0, 1489964277809910966
0, 1489964277808542386
0, 1489964277851580994
0, 1489964277858617973
0, 1489964277864413991
0, 1489964277865578724
0, 1489964277866724288
0, 1489964277871346834
0, 1489964277886345935
0, 1489964277902651442
0, 1489964277940184477
0, 1489964277940351294
0, 1489964277940753006
0, 1489964277942022094
0, 1489964277943260847
0, 1489964277945469958
0, 1489964277974250233
0, 1489964277989875424
0, 1489964277990014976
0, 1489964277991711752
0, 1489964277996986125
0, 1489964278009869019
0, 1489964278013345854
0, 1489964278024590610
0, 1489964278033575060
0, 1489964278034459064
0, 1489964278035728105
0, 1489964278122452323
0, 1489964278123481959
0, 1489964278123882676
0, 1489964278124492276
0, 1489964278125028398
0, 1489964278126650341
0, 1489964278153741016
0, 1489964278166141117
0, 1489964278166249368
0, 1489964278167039221
0, 1489964278167885159
0, 1489964278169509598
0, 1489964278192129301
0, 1489964278192831759
0, 1489964278207238252
0, 1489964278218613208
0, 1489964278218654027
0, 1489964278220557187
0, 1489964278265378558
0, 1489964278268000387
0, 1489964278268764928
0, 1489964278269470104
0, 1489964278271512967
0, 1489964278271625530
0, 1489964278305681246
0, 1489964278317250103
0, 1489964278318597364
0, 1489964278323654218
0, 1489964278329605669
0, 1489964278332449888
0, 1489964278348710692
0, 1489964278358885890
0, 1489964278359034807
0, 1489964278359823732
0, 1489964278405392476
0, 1489964278407220280
0, 1489964278407299288
0, 1489964278405961304
0, 1489964278406613641
0, 1489964278408402001
0, 1489964278439362904
0, 1489964278449214137
0, 1489964278451167421
0, 1489964278451227799
0, 1489964278452365345
0, 1489964278465707245
0, 1489964278473199887
0, 1489964278484703950
0, 1489964278493342531
0, 1489964278503978482
0, 1489964278537986740
0, 1489964278538165237
0, 1489964278538200102
0, 1489964278538666224
0, 1489964278560377265
0, 1489964278562081626
0, 1489964278574504820
0, 1489964278575839798
0, 1489964278576197611
0, 1489964278581605112
0, 1489964278593283693
0, 1489964278603803140
0, 1489964278613642305
0, 1489964278619463107
0, 1489964278631176319
0, 1489964278705607270
0, 1489964278707424465
0, 1489964278707536931
0, 1489964278708633893
0, 1489964278710997226
0, 1489964278712666006
0, 1489964278749192102
0, 1489964278749999046
0, 1489964278760130310
0, 1489964278762647841
0, 1489964278772819549
0, 1489964278774179188
0, 1489964278783409656
0, 1489964278794124969
0, 1489964278805521730
0, 1489964278829977210
0, 1489964278830069469
0, 1489964278831016196
0, 1489964278831126623
0, 1489964278847785339
0, 1489964278849637900
0, 1489964278863229960
0, 1489964278865705825
0, 1489964278865773341
0, 1489964278867210725
0, 1489964278898346163
0, 1489964278898825718
0, 1489964278900223767
0, 1489964278903118545
0, 1489964278905832952
0, 1489964278927257412
0, 1489964278930044270
0, 1489964279037741608
0, 1489964279038520821
0, 1489964279039226845
0, 1489964279039328042
0, 1489964279039323755
0, 1489964279053286922
0, 1489964279074664568
0, 1489964279083337849
0, 1489964279084547130
0, 1489964279084552599
0, 1489964279089358392
0, 1489964279092520078
0, 1489964279112650781
0, 1489964279115579834
0, 1489964279125913101
0, 1489964279127024724
0, 1489964279128935155
0, 1489964279134036384
0, 1489964279171468892
0, 1489964279172450610
0, 1489964279172625053
0, 1489964279172611449
0, 1489964279174776652
0, 1489964279191695452
0, 1489964279206928449
0, 1489964279215109594
0, 1489964279216364795
0, 1489964279217974490
0, 1489964279219496701
0, 1489964279226232618
0, 1489964279245199130
0, 1489964279256211183
0, 1489964279258444210
0, 1489964279261591123
0, 1489964279264288315
0, 1489964279268190812
0, 1489964279341521474
0, 1489964279342512819
0, 1489964279342886686
0, 1489964279343396557
0, 1489964279343837176
0, 1489964279343876700
0, 1489964279389802247
0, 1489964279391430153
0, 1489964279395249346
0, 1489964279400248957
0, 1489964279405376682
0, 1489964279423555336
0, 1489964279432388643
0, 1489964279439441442
0, 1489964279471729043
0, 1489964279471763999
0, 1489964279475130016
0, 1489964279474630660
0, 1489964279476156271
0, 1489964279476216650
0, 1489964279509051915
0, 1489964279509570653
0, 1489964279525494053
0, 1489964279527074593
0, 1489964279527770779
0, 1489964279528414367
0, 1489964279543471480
0, 1489964279551009867
0, 1489964279560804875
0, 1489964279565002477
0, 1489964279604522143
0, 1489964279606214845
0, 1489964279606832700
0, 1489964279607121600
0, 1489964279607892491
0, 1489964279615978517
0, 1489964279633904708
0, 1489964279647087882
0, 1489964279657825181
0, 1489964279659651000
0, 1489964279660716753
0, 1489964279669823753
0, 1489964279674826479
0, 1489964279684684948
0, 1489964279697475250
0, 1489964279742090984
0, 1489964279743098334
0, 1489964279743385839
0, 1489964279747919093
0, 1489964279748737282
0, 1489964279750627650
0, 1489964279779446599
0, 1489964279796489453
0, 1489964279795906095
0, 1489964279798329728
0, 1489964279815727446
0, 1489964279821023499
0, 1489964279827397434
0, 1489964279851488881
0, 1489964279873126151
0, 1489964279874070125
0, 1489964279874224423
0, 1489964279879183588
0, 1489964279879768813
0, 1489964279902921028
0, 1489964279908493072
0, 1489964279933988965
0, 1489964279934273063
0, 1489964279935607292
0, 1489964279936222728
0, 1489964279938354475
0, 1489964279949623742
0, 1489964279968784429
0, 1489964280040635705
0, 1489964280041217585
0, 1489964280041585466
0, 1489964280042299627
0, 1489964280041612161
0, 1489964280041092492
0, 1489964280073639324
0, 1489964280081673884
0, 1489964280082363902
0, 1489964280083196750
0, 1489964280084261362
0, 1489964280089399413
0, 1489964280106074076
0, 1489964280113600646
0, 1489964280136820005
0, 1489964280137046305
0, 1489964280171058608
0, 1489964280172828925
0, 1489964280173540729
0, 1489964280173600006
0, 1489964280175061611
0, 1489964280175133161
0, 1489964280203346399
0, 1489964280205834559
0, 1489964280215474825
0, 1489964280215784106
0, 1489964280215652170
0, 1489964280228082982
0, 1489964280234970951
0, 1489964280239660397
0, 1489964280256865530
0, 1489964280258432196
0, 1489964280266209617
0, 1489964280304126894
0, 1489964280304266974
0, 1489964280305720080
0, 1489964280306719123
0, 1489964280308311358
0, 1489964280318081387
0, 1489964280348517916
0, 1489964280348652991
0, 1489964280349455033
0, 1489964280356909541
0, 1489964280357501940
0, 1489964280360888979
0, 1489964280385708527
0, 1489964280386196106
0, 1489964280397499415
0, 1489964280397988028
0, 1489964280401994269
0, 1489964280435573563
0, 1489964280437724380
0, 1489964280441426231
0, 1489964280442556297
0, 1489964280442848810
0, 1489964280443408806
0, 1489964280475143595
0, 1489964280475657255
0, 1489964280480152700
0, 1489964280483450501
0, 1489964280484612642
0, 1489964280493334089
0, 1489964280502462888
0, 1489964280505663928
0, 1489964280525016156
0, 1489964280531121421
0, 1489964280533280284
0, 1489964280606372047
0, 1489964280607448106
0, 1489964280608830655
0, 1489964280608841068
0, 1489964280611839724
0, 1489964280612941276
0, 1489964280638902116
0, 1489964280650434217
0, 1489964280655627641
0, 1489964280664456162
0, 1489964280665891530
0, 1489964280667656941
0, 1489964280676564065
0, 1489964280692227147
0, 1489964280699271053
0, 1489964280738544510
0, 1489964280738981844
0, 1489964280740320316
0, 1489964280740807844
0, 1489964280742266151
0, 1489964280762934177
0, 1489964280777904946
0, 1489964280783808149
0, 1489964280791552736
0, 1489964280793810373
0, 1489964280806864985
0, 1489964280829273519
0, 1489964280829627623
0, 1489964280831682360
0, 1489964280839844113
0, 1489964280847900889
0, 1489964280885510767
0, 1489964280887901903
0, 1489964280889303509
0, 1489964280892071016
0, 1489964280892777501
0, 1489964280897114458
0, 1489964280921510332
0, 1489964280931125682
0, 1489964280931168664
0, 1489964280932522640
0, 1489964280941815322
0, 1489964280949124236
0, 1489964280956917609
0, 1489964281055096697
0, 1489964281055455749
0, 1489964281055474270
0, 1489964281055603751
0, 1489964281057349204
0, 1489964281059155414
0, 1489964281088510240
0, 1489964281096991870
0, 1489964281098967045
0, 1489964281100258796
0, 1489964281104628758
0, 1489964281111731145
0, 1489964281126885386
0, 1489964281140301109
0, 1489964281148360502
0, 1489964281152729931
0, 1489964281152908470
0, 1489964281195960366
0, 1489964281196749739
0, 1489964281196902334
0, 1489964281196181027
0, 1489964281197801034
0, 1489964281201299267
0, 1489964281225959569
0, 1489964281241459232
0, 1489964281242001082
0, 1489964281246180736
0, 1489964281247263987
0, 1489964281251458750
0, 1489964281271246051
0, 1489964281272386268
0, 1489964281281533058
0, 1489964281289846848
0, 1489964281293620643
0, 1489964281378644577
0, 1489964281379364904
0, 1489964281380462800
0, 1489964281380584725
0, 1489964281381220183
0, 1489964281383107169
0, 1489964281412410107
0, 1489964281421074639
0, 1489964281422883684
0, 1489964281423794945
0, 1489964281425010523
0, 1489964281436682878
0, 1489964281446942362
0, 1489964281459149619
0, 1489964281460385206
0, 1489964281474337669
0, 1489964281474155153
0, 1489964281521130213
0, 1489964281521427117
0, 1489964281521941411
0, 1489964281521175453
0, 1489964281522930328
0, 1489964281525066676
0, 1489964281554329693
0, 1489964281565304430
0, 1489964281565294098
0, 1489964281570464492
0, 1489964281579288525
0, 1489964281581501811
0, 1489964281582953923
0, 1489964281600186170
0, 1489964281608557579
0, 1489964281612767692
0, 1489964281612915979
0, 1489964281643324429
0, 1489964281644222723
0, 1489964281645221209
0, 1489964281664439723
0, 1489964281665652929
0, 1489964281668141831
0, 1489964281673992106
0, 1489964281690145500
0, 1489964281690715878
0, 1489964281701394169
0, 1489964281717188602
0, 1489964281718406065
0, 1489964281719438162
0, 1489964281729532275
0, 1489964281738144521
0, 1489964281744639231
0, 1489964281804185898
0, 1489964281805736398
0, 1489964281807325881
0, 1489964281808686951
0, 1489964281810428210
0, 1489964281813822520
0, 1489964281839552949
0, 1489964281846513802
0, 1489964281849100790
0, 1489964281854954739
0, 1489964281857587515
0, 1489964281859418731
0, 1489964281887268978
0, 1489964281889967152
0, 1489964281896167735
0, 1489964281899464490
0, 1489964281901624547
0, 1489964281970120573
0, 1489964281971118524
0, 1489964281971270730
0, 1489964281971968437
0, 1489964281971643547
0, 1489964281975012276
0, 1489964282006613496
0, 1489964282012755712
0, 1489964282021935873
0, 1489964282023531859
0, 1489964282023954142
0, 1489964282036362604
0, 1489964282042723188
0, 1489964282059660688
0, 1489964282065529508
0, 1489964282066477295
0, 1489964282067377066
0, 1489964282101085916
0, 1489964282102396388
0, 1489964282103715122
0, 1489964282103476093
0, 1489964282106081854
0, 1489964282128007283
0, 1489964282139525688
0, 1489964282160782353
0, 1489964282162974878
0, 1489964282163959361
0, 1489964282166419153
0, 1489964282167337575
0, 1489964282172143346
0, 1489964282196764550
0, 1489964282244334353
0, 1489964282244836471
0, 1489964282246956326
0, 1489964282247637966
0, 1489964282252157692
0, 1489964282253375414
0, 1489964282272560403
0, 1489964282282266191
0, 1489964282287138587
0, 1489964282287611771
0, 1489964282298970116
0, 1489964282314164395
0, 1489964282314200760
0, 1489964282324484931
0, 1489964282325791230
0, 1489964282325638289
0, 1489964282328734534
0, 1489964282394291604
0, 1489964282394836686
0, 1489964282395953122
0, 1489964282396153505
0, 1489964282396508546
0, 1489964282395678545
0, 1489964282430365476
0, 1489964282437604097
0, 1489964282439389908
0, 1489964282439947733
0, 1489964282441030935
0, 1489964282461208446
0, 1489964282469335624
0, 1489964282478567581
0, 1489964282479662551
0, 1489964282480168231
0, 1489964282480526625
0, 1489964282560460137
0, 1489964282560685158
0, 1489964282562189785
0, 1489964282564724774
0, 1489964282565881464
0, 1489964282566452495
0, 1489964282597133091
0, 1489964282600790418
0, 1489964282612474165
0, 1489964282614124652
0, 1489964282615651652
0, 1489964282637493467
0, 1489964282644071337
0, 1489964282655739124
0, 1489964282655265758
0, 1489964282656961525
0, 1489964282683268895
0, 1489964282685033268
0, 1489964282704350084
0, 1489964282707463904
0, 1489964282707807836
0, 1489964282708411421
0, 1489964282732608606
0, 1489964282732731923
0, 1489964282744899465
0, 1489964282745474338
0, 1489964282759899284
0, 1489964282760794793
0, 1489964282762729483
0, 1489964282776102628
0, 1489964282783416733
0, 1489964282818766406
0, 1489964282819612464
0, 1489964282822091241
0, 1489964282823082942
0, 1489964282824501041
0, 1489964282830347194
0, 1489964282855053967
0, 1489964282861912473
0, 1489964282862420401
0, 1489964282864168435
0, 1489964282887187304
0, 1489964282890593652
0, 1489964282896749550
0, 1489964282898445704
0, 1489964282899449816
0, 1489964282903197514
0, 1489964282918116699
0, 1489964282950970872
0, 1489964282952078721
0, 1489964282954017936
0, 1489964282956998108
0, 1489964282967190865
0, 1489964282983714927
0, 1489964282991311730
0, 1489964282993294863
0, 1489964283010127471
0, 1489964283013171245
0, 1489964283017723380
0, 1489964283036676502
0, 1489964283037536951
0, 1489964283047296194
0, 1489964283126462002
0, 1489964283126880737
0, 1489964283126577420
0, 1489964283127473510
0, 1489964283127957849
0, 1489964283127963898
0, 1489964283155543328
0, 1489964283167364465
0, 1489964283168204069
0, 1489964283201107046
0, 1489964283201673064
0, 1489964283202512544
0, 1489964283203504019
0, 1489964283203677932
0, 1489964283205068728
0, 1489964283267143610
0, 1489964283267839638
0, 1489964283268383264
0, 1489964283269305660
0, 1489964283269611394
0, 1489964283269819669
0, 1489964283301707735
0, 1489964283303815185
0, 1489964283315158324
0, 1489964283316469080
0, 1489964283321463507
0, 1489964283332571714
0, 1489964283336174428
0, 1489964283341706547
0, 1489964283353496902
0, 1489964283362509025
0, 1489964283363943841
0, 1489964283401360460
0, 1489964283402200775
0, 1489964283402194811
0, 1489964283404228227
0, 1489964283405710270
0, 1489964283411717753
0, 1489964283432434722
0, 1489964283440286349
0, 1489964283444234017
0, 1489964283456842630
0, 1489964283459621811
0, 1489964283463045149
0, 1489964283472931506
0, 1489964283480747946
0, 1489964283489141220
0, 1489964283496871352
0, 1489964283536731861
0, 1489964283537868687
0, 1489964283538316347
0, 1489964283540823553
0, 1489964283540960231
0, 1489964283539878646
0, 1489964283575022759
0, 1489964283580370635
0, 1489964283580438814
0, 1489964283581027922
0, 1489964283609874214
0, 1489964283610123510
0, 1489964283628115915
0, 1489964283628134617
0, 1489964283629306451
0, 1489964283629117908
0, 1489964283657441382
0, 1489964283679339758
0, 1489964283679400617
0, 1489964283680516091
0, 1489964283681721181
0, 1489964283682264040
0, 1489964283688902391
0, 1489964283707237598
0, 1489964283710790540
0, 1489964283722231320
0, 1489964283729366077
0, 1489964283736142694
0, 1489964283745096442
0, 1489964283746306937
0, 1489964283755186339
0, 1489964283827922746
0, 1489964283829038153
0, 1489964283830153140
0, 1489964283832332572
0, 1489964283832592223
0, 1489964283835180931
0, 1489964283862097441
0, 1489964283862569892
0, 1489964283869283408
0, 1489964283871770367
0, 1489964283877294724
0, 1489964283896972054
0, 1489964283900401120
0, 1489964283905641022
0, 1489964283911063043
0, 1489964283910609829
0, 1489964283918124137
0, 1489964283949191177
0, 1489964283953183720
0, 1489964283970764041
0, 1489964283973066498
0, 1489964283973507838
0, 1489964283974805434
0, 1489964283986296540
0, 1489964283991767210
0, 1489964284018369412
0, 1489964284018779797
0, 1489964284024669775
0, 1489964284031348498
0, 1489964284050191787
0, 1489964284050335144
0, 1489964284054014557
0, 1489964284095235322
0, 1489964284096183556
0, 1489964284097121961
0, 1489964284103644221
0, 1489964284117283408
0, 1489964284140761608
0, 1489964284147543989
0, 1489964284148918594
0, 1489964284161365949
0, 1489964284170073224
0, 1489964284174375965
0, 1489964284180075107
0, 1489964284196582884
0, 1489964284224762927
0, 1489964284226179126
0, 1489964284227419316
0, 1489964284229427820
0, 1489964284230782978
0, 1489964284248117219
0, 1489964284263749878
0, 1489964284269614923
0, 1489964284270394329
0, 1489964284271381648
0, 1489964284278957783
0, 1489964284296152178
0, 1489964284297420364
0, 1489964284302432580
0, 1489964284302586161
0, 1489964284318216589
0, 1489964284324747888
0, 1489964284391443164
0, 1489964284391548385
0, 1489964284391886334
0, 1489964284392173901
0, 1489964284393854114
0, 1489964284395403586
0, 1489964284421608338
0, 1489964284430499948
0, 1489964284430969301
0, 1489964284436597663
0, 1489964284443969568
0, 1489964284445171183
0, 1489964284460080881
0, 1489964284463215239
0, 1489964284527261743
0, 1489964284527280320
0, 1489964284527329044
0, 1489964284528207409
0, 1489964284528931522
0, 1489964284528434935
0, 1489964284562290598
0, 1489964284568575172
0, 1489964284569248889
0, 1489964284572374879
0, 1489964284572580335
0, 1489964284587263775
0, 1489964284597357011
0, 1489964284601508386
0, 1489964284614001878
0, 1489964284624080828
0, 1489964284648815055
0, 1489964284650540085
0, 1489964284651542322
0, 1489964284651184992
0, 1489964284669008449
0, 1489964284671566876
0, 1489964284683966703
0, 1489964284693069558
0, 1489964284694690728
0, 1489964284697346480
0, 1489964284710791130
0, 1489964284713411415
0, 1489964284720532909
0, 1489964284732709243
0, 1489964284745782147
0, 1489964284787339506
0, 1489964284787678813
0, 1489964284788164221
0, 1489964284788114525
0, 1489964284787071180
0, 1489964284789237024
0, 1489964284820311114
0, 1489964284826816402
0, 1489964284834438108
0, 1489964284835925411
0, 1489964284836781362
0, 1489964284839402474
0, 1489964284868032598
0, 1489964284871134094
0, 1489964284871444343
0, 1489964284872182296
0, 1489964284876037003
0, 1489964284879431181
0, 1489964284906103556
0, 1489964284929148190
0, 1489964284930205158
0, 1489964284931435541
0, 1489964284932147910
0, 1489964284933661774
0, 1489964284960416870
0, 1489964284968915021
0, 1489964284970350441
0, 1489964284972257557
0, 1489964284972455491
0, 1489964284979784906
0, 1489964284996101599
0, 1489964285157689152
0, 1489964285158387233
0, 1489964285157878857
0, 1489964285159418556
0, 1489964285159391964
0, 1489964285159394413
0, 1489964285196029936
0, 1489964285202323957
0, 1489964285203186569
0, 1489964285203600506
0, 1489964285204441896
0, 1489964285209329415
0, 1489964285228589352
0, 1489964285239515186
0, 1489964285242649667
0, 1489964285243839566
0, 1489964285258916328
0, 1489964285302541330
0, 1489964285303283926
0, 1489964285303740090
0, 1489964285302551465
0, 1489964285304145547
0, 1489964285307491232
0, 1489964285338060426
0, 1489964285342106461
0, 1489964285343699826
0, 1489964285354389650
0, 1489964285356020612
0, 1489964285357212704
0, 1489964285377029877
0, 1489964285378300169
0, 1489964285390827318
0, 1489964285394200374
0, 1489964285397477537
0, 1489964285440824954
0, 1489964285441622141
0, 1489964285441160129
0, 1489964285443523863
0, 1489964285443774751
0, 1489964285445199488
0, 1489964285482429646
0, 1489964285483557922
0, 1489964285484324137
0, 1489964285484469562
0, 1489964285484629716
0, 1489964285485651841
0, 1489964285514669802
0, 1489964285517031803
0, 1489964285526204011
0, 1489964285530608770
0, 1489964285533729054
0, 1489964285534415474
0, 1489964285573208004
0, 1489964285573620568
0, 1489964285574494651
0, 1489964285575937177
0, 1489964285576878505
0, 1489964285593017804
0, 1489964285608944796
0, 1489964285621110897
0, 1489964285631417783
0, 1489964285646610260
0, 1489964285653560795
0, 1489964285654099416
0, 1489964285660529351
0, 1489964285675634799
0, 1489964285672837351
0, 1489964285742504075
0, 1489964285742928567
0, 1489964285743450507
0, 1489964285744794067
0, 1489964285744024646
0, 1489964285745513026
0, 1489964285777540179
0, 1489964285792985488
0, 1489964285793304792
0, 1489964285799592819
0, 1489964285801091631
0, 1489964285801302336
0, 1489964285808882888
0, 1489964285827137808
0, 1489964285837550550
0, 1489964285877795923
0, 1489964285878925329
0, 1489964285879043401
0, 1489964285880487805
0, 1489964285880926176
0, 1489964285884195984
0, 1489964285907244803
0, 1489964285923441466
0, 1489964285926977825
0, 1489964285928736904
0, 1489964285957489927
0, 1489964285958970897
0, 1489964285958861792
0, 1489964285959965841
0, 1489964285961831551
0, 1489964285996640098
0, 1489964285997284223
0, 1489964286019187441
0, 1489964286021601683
0, 1489964286020736258
0, 1489964286021939677
0, 1489964286031425541
0, 1489964286038510726
0, 1489964286060171267
0, 1489964286068901060
0, 1489964286070303470
0, 1489964286075842851
0, 1489964286087598553
0, 1489964286092724655
0, 1489964286093200623
0, 1489964286129440014
0, 1489964286151256588
0, 1489964286153582513
0, 1489964286154465366
0, 1489964286156132088
0, 1489964286157887719
0, 1489964286159194573
0, 1489964286193243464
0, 1489964286195760052
0, 1489964286199234235
0, 1489964286207400677
0, 1489964286207784206
0, 1489964286238321473
0, 1489964286241298673
0, 1489964286293616331
0, 1489964286294032904
0, 1489964286293632500
0, 1489964286295416771
0, 1489964286297768540
0, 1489964286302185375
0, 1489964286320828191
0, 1489964286325826480
0, 1489964286334587100
0, 1489964286338100444
0, 1489964286343533053
0, 1489964286352758204
0, 1489964286362658061
0, 1489964286364137249
0, 1489964286373332177
0, 1489964286441265131
0, 1489964286441791304
0, 1489964286441839612
0, 1489964286445145900
0, 1489964286445706278
0, 1489964286452230524
0, 1489964286479347981
0, 1489964286486415390
0, 1489964286495665288
0, 1489964286504791095
0, 1489964286505466613
0, 1489964286507994955
0, 1489964286523503940
0, 1489964286531188845
0, 1489964286535169827
0, 1489964286573461488
0, 1489964286575356065
0, 1489964286575641009
0, 1489964286576130717
0, 1489964286578798071
0, 1489964286579062207
0, 1489964286609502128
0, 1489964286616020457
0, 1489964286619570668
0, 1489964286620271256
0, 1489964286630033036
0, 1489964286634077037
0, 1489964286643002761
0, 1489964286660158665
0, 1489964286660634374
0, 1489964286665941309
0, 1489964286667694764
0, 1489964286667840434
0, 1489964286706514442
0, 1489964286706898876
0, 1489964286706908869
0, 1489964286707178430
0, 1489964286710292996
0, 1489964286724720494
0, 1489964286739749648
0, 1489964286740950076
0, 1489964286749573211
0, 1489964286751064998
0, 1489964286761200448
0, 1489964286776453829
0, 1489964286785956809
0, 1489964286792946076
0, 1489964286795033438
0, 1489964286810511656
0, 1489964286869559951
0, 1489964286871108482
0, 1489964286872643831
0, 1489964286873882993
0, 1489964286873387789
0, 1489964286875404773
0, 1489964286908618109
0, 1489964286908879614
0, 1489964286908330023
0, 1489964286910369883
0, 1489964286917909077
0, 1489964286933182629
0, 1489964286941054513
0, 1489964286949802141
0, 1489964286950878390
0, 1489964286965223482
0, 1489964286966460631
0, 1489964287006115160
0, 1489964287008875385
0, 1489964287009490609
0, 1489964287010049275
0, 1489964287010056682
0, 1489964287010886038
0, 1489964287043881942
0, 1489964287048539578
0, 1489964287053872910
0, 1489964287058266704
0, 1489964287058179057
0, 1489964287067305137
0, 1489964287086895803
0, 1489964287091529658
0, 1489964287092202042
0, 1489964287093779888
0, 1489964287102994854
0, 1489964287161130461
0, 1489964287162870742
0, 1489964287163443474
0, 1489964287163714277
0, 1489964287163974139
0, 1489964287169087783
0, 1489964287199401651
0, 1489964287200230314
0, 1489964287222367701
0, 1489964287228335557
0, 1489964287235261714
0, 1489964287243863540
0, 1489964287263239687
0, 1489964287271934163
0, 1489964287295472061
0, 1489964287329917331
0, 1489964287330544560
0, 1489964287329358597
0, 1489964287331440472
0, 1489964287331670543
0, 1489964287344812260
0, 1489964287361080038
0, 1489964287367954778
0, 1489964287369283299
0, 1489964287380671807
0, 1489964287388859785
0, 1489964287388704695
0, 1489964287411617859
0, 1489964287433969546
0, 1489964287434079547
0, 1489964287434893194
0, 1489964287438588347
0, 1489964287442594866
0, 1489964287444017228
0, 1489964287471278378
0, 1489964287475108431
0, 1489964287483963048
0, 1489964287484878974
0, 1489964287484383377
0, 1489964287489458887
0, 1489964287507037461
0, 1489964287575071060
0, 1489964287576382396
0, 1489964287576967423
0, 1489964287577381508
0, 1489964287577584608
0, 1489964287576427826
0, 1489964287604355106
0, 1489964287616070051
0, 1489964287616717856
0, 1489964287617540326
0, 1489964287632631688
0, 1489964287635369606
0, 1489964287648563219
0, 1489964287650373911
0, 1489964287658130099
0, 1489964287666939144
0, 1489964287705775398
0, 1489964287705941646
0, 1489964287706510051
0, 1489964287707843788
0, 1489964287707982427
0, 1489964287709110167
0, 1489964287736251206
0, 1489964287765170215
0, 1489964287765285639
0, 1489964287765477522
0, 1489964287766379182
0, 1489964287767536468
0, 1489964287774565007
0, 1489964287795287557
0, 1489964287848496719
0, 1489964287851289987
0, 1489964287851313090
0, 1489964287851973243
0, 1489964287852681792
0, 1489964287852688641
0, 1489964287884996437
0, 1489964287892163967
0, 1489964287892310242
0, 1489964287899574480
0, 1489964287902306567
0, 1489964287911162565
0, 1489964287917868048
0, 1489964287929496398
0, 1489964287933045692
0, 1489964287945448534
0, 1489964287971887531
0, 1489964287974910290
0, 1489964287990004335
0, 1489964287990622396
0, 1489964287993201405
0, 1489964287994002533
0, 1489964288008613432
0, 1489964288010456662
0, 1489964288020381056
0, 1489964288034655888
0, 1489964288037454954
0, 1489964288045027357
0, 1489964288051742045
0, 1489964288057908865
0, 1489964288063946511
0, 1489964288075736368
0, 1489964288141100029
0, 1489964288141570744
0, 1489964288143221206
0, 1489964288178355516
